# relative_time, cycles_done, cur_item, corpus_count, pending_total, pending_favs, map_size, saved_crashes, saved_hangs, max_depth, execs_per_sec, total_execs, edges_found
61, 57, 0, 4, 0, 0, 27.27%, 4, 0, 2, 2826.64, 181958, 9
67, 60, 0, 4, 0, 0, 27.27%, 4, 0, 2, 2880.59, 197058, 9
72, 64, 3, 4, 0, 0, 27.27%, 4, 0, 2, 2897.30, 211908, 9
77, 69, 0, 4, 0, 0, 27.27%, 4, 0, 2, 2928.96, 226769, 9
82, 72, 0, 4, 0, 0, 27.27%, 4, 0, 2, 2925.07, 241251, 9
87, 77, 0, 4, 0, 0, 27.27%, 4, 0, 2, 2930.53, 256472, 9
92, 80, 0, 4, 0, 0, 27.27%, 4, 0, 2, 2793.78, 271120, 9
97, 83, 0, 4, 0, 0, 27.27%, 4, 0, 2, 2885.55, 285569, 9
102, 86, 0, 4, 0, 0, 27.27%, 4, 0, 2, 2779.96, 299288, 9
107, 90, 0, 4, 0, 0, 27.27%, 4, 0, 2, 2754.84, 313726, 9
113, 94, 0, 4, 0, 0, 27.27%, 4, 0, 2, 2822.04, 328350, 9
118, 99, 0, 4, 0, 0, 27.27%, 4, 0, 2, 2759.35, 342364, 9
123, 103, 0, 4, 0, 0, 27.27%, 4, 0, 2, 2790.01, 356486, 9
128, 107, 2, 4, 0, 0, 27.27%, 4, 0, 2, 2756.91, 370576, 9
133, 112, 0, 4, 0, 0, 27.27%, 4, 0, 2, 2769.96, 384885, 9
138, 115, 0, 4, 0, 0, 27.27%, 4, 0, 2, 2734.32, 398546, 9
143, 119, 3, 4, 0, 0, 27.27%, 4, 0, 2, 2773.06, 412952, 9
148, 122, 0, 4, 0, 0, 27.27%, 4, 0, 2, 2696.66, 426861, 9
154, 126, 0, 4, 0, 0, 27.27%, 4, 0, 2, 2636.43, 440469, 9
159, 129, 0, 4, 0, 0, 27.27%, 4, 0, 2, 2640.66, 454148, 9
164, 133, 0, 4, 0, 0, 27.27%, 4, 0, 2, 2694.40, 468178, 9
169, 136, 3, 4, 0, 0, 27.27%, 4, 0, 2, 2749.42, 482502, 9
174, 141, 0, 4, 0, 0, 27.27%, 4, 0, 2, 2761.09, 496650, 9
179, 145, 0, 4, 0, 0, 27.27%, 4, 0, 2, 2840.62, 511072, 9
184, 148, 0, 4, 0, 0, 27.27%, 4, 0, 2, 2780.70, 525281, 9
190, 152, 0, 4, 0, 0, 27.27%, 4, 0, 2, 2670.44, 538975, 9
195, 156, 0, 4, 0, 0, 27.27%, 4, 0, 2, 2694.97, 552503, 9
200, 160, 0, 4, 0, 0, 27.27%, 4, 0, 2, 2804.70, 567248, 9
205, 164, 0, 4, 0, 0, 27.27%, 4, 0, 2, 2818.94, 581630, 9
210, 168, 0, 4, 0, 0, 27.27%, 4, 0, 2, 2905.90, 596852, 9
215, 172, 0, 4, 0, 0, 27.27%, 4, 0, 2, 2945.21, 612154, 9
221, 177, 0, 4, 0, 0, 27.27%, 4, 0, 2, 2930.56, 627061, 9
226, 180, 0, 4, 0, 0, 27.27%, 4, 0, 2, 2936.37, 641839, 9
231, 184, 0, 4, 0, 0, 27.27%, 4, 0, 2, 2962.99, 656712, 9
236, 187, 0, 4, 0, 0, 27.27%, 4, 0, 2, 2994.83, 671823, 9
241, 190, 0, 4, 0, 0, 27.27%, 4, 0, 2, 2998.98, 687404, 9
246, 194, 0, 4, 0, 0, 27.27%, 4, 0, 2, 2970.56, 702270, 9
251, 198, 3, 4, 0, 0, 27.27%, 4, 0, 2, 2895.28, 716995, 9
256, 202, 3, 4, 0, 0, 27.27%, 4, 0, 2, 2857.58, 731515, 9
261, 206, 0, 4, 0, 0, 27.27%, 4, 0, 2, 2883.39, 745968, 9
266, 210, 0, 4, 0, 0, 27.27%, 4, 0, 2, 2921.58, 761244, 9
271, 214, 0, 4, 0, 0, 27.27%, 4, 0, 2, 2890.70, 776149, 9
276, 218, 0, 4, 0, 0, 27.27%, 4, 0, 2, 2930.69, 790866, 9
281, 222, 2, 4, 0, 0, 27.27%, 4, 0, 2, 2812.55, 804883, 9
287, 227, 0, 4, 0, 0, 27.27%, 4, 0, 2, 2884.91, 819581, 9
292, 231, 0, 4, 0, 0, 27.27%, 4, 0, 2, 2999.84, 835188, 9
297, 235, 3, 4, 0, 0, 27.27%, 4, 0, 2, 2998.72, 850780, 9
302, 239, 2, 4, 0, 0, 27.27%, 4, 0, 2, 2997.44, 865745, 9
304, 240, 0, 4, 0, 0, 27.27%, 4, 0, 2, 3014.34, 871919, 9
