# relative_time, cycles_done, cur_item, corpus_count, pending_total, pending_favs, map_size, saved_crashes, saved_hangs, max_depth, execs_per_sec, total_execs, edges_found
60, 102, 0, 2, 0, 0, 23.53%, 1, 0, 1, 3132.82, 188221, 4
65, 111, 0, 2, 0, 0, 23.53%, 1, 0, 1, 3138.66, 204559, 4
71, 120, 0, 2, 0, 0, 23.53%, 1, 0, 1, 3156.21, 220960, 4
76, 129, 0, 2, 0, 0, 23.53%, 1, 0, 1, 3152.17, 237277, 4
81, 138, 0, 2, 0, 0, 23.53%, 1, 0, 1, 3136.43, 253610, 4
86, 146, 0, 2, 0, 0, 23.53%, 1, 0, 1, 3069.33, 268938, 4
91, 155, 0, 2, 0, 0, 23.53%, 1, 0, 1, 3108.50, 284611, 4
96, 164, 0, 2, 0, 0, 23.53%, 1, 0, 1, 3136.64, 300949, 4
101, 172, 0, 2, 0, 0, 23.53%, 1, 0, 1, 3026.14, 316030, 4
106, 180, 0, 2, 0, 0, 23.53%, 1, 0, 1, 2888.59, 330310, 4
111, 188, 0, 2, 0, 0, 23.53%, 1, 0, 1, 2925.88, 345634, 4
117, 197, 0, 2, 0, 0, 23.53%, 1, 0, 1, 3089.29, 361778, 4
122, 205, 0, 2, 0, 0, 23.53%, 1, 0, 1, 3130.09, 377540, 4
127, 214, 0, 2, 0, 0, 23.53%, 1, 0, 1, 3046.97, 392990, 4
132, 222, 0, 2, 0, 0, 23.53%, 1, 0, 1, 2915.77, 407599, 4
137, 231, 0, 2, 0, 0, 23.53%, 1, 0, 1, 3096.32, 423836, 4
142, 239, 0, 2, 0, 0, 23.53%, 1, 0, 1, 3140.28, 440212, 4
147, 248, 0, 2, 0, 0, 23.53%, 1, 0, 1, 3144.81, 455967, 4
152, 255, 0, 2, 0, 0, 23.53%, 1, 0, 1, 3036.64, 468878, 4
157, 264, 0, 2, 0, 0, 23.53%, 1, 0, 1, 3097.16, 485006, 4
162, 272, 0, 2, 0, 0, 23.53%, 1, 0, 1, 3123.97, 500739, 4
168, 281, 0, 2, 0, 0, 23.53%, 1, 0, 1, 3128.95, 517015, 4
173, 290, 0, 2, 0, 0, 23.53%, 1, 0, 1, 3127.97, 532683, 4
178, 298, 0, 2, 0, 0, 23.53%, 1, 0, 1, 3132.63, 548413, 4
183, 307, 0, 2, 0, 0, 23.53%, 1, 0, 1, 3132.02, 564143, 4
188, 315, 0, 2, 0, 0, 23.53%, 1, 0, 1, 3127.59, 579811, 4
193, 324, 0, 2, 0, 0, 23.53%, 1, 0, 1, 3132.29, 595566, 4
198, 333, 0, 2, 0, 0, 23.53%, 1, 0, 1, 3136.17, 611296, 4
203, 342, 0, 2, 0, 0, 23.53%, 1, 0, 1, 3146.66, 627696, 4
208, 350, 0, 2, 0, 0, 23.53%, 1, 0, 1, 3152.85, 644078, 4
213, 359, 0, 2, 0, 0, 23.53%, 1, 0, 1, 3152.19, 660476, 4
219, 368, 0, 2, 0, 0, 23.53%, 1, 0, 1, 3150.11, 676871, 4
224, 377, 0, 2, 0, 0, 23.53%, 1, 0, 1, 3139.18, 693184, 4
229, 386, 0, 2, 0, 0, 23.53%, 1, 0, 1, 3155.57, 709589, 4
234, 395, 0, 2, 0, 0, 23.53%, 1, 0, 1, 3157.86, 725987, 4
239, 404, 0, 2, 0, 0, 23.53%, 1, 0, 1, 3171.54, 742385, 4
244, 413, 0, 2, 0, 0, 23.53%, 1, 0, 1, 3167.18, 758702, 4
250, 422, 0, 2, 0, 0, 23.53%, 1, 0, 1, 3165.45, 775100, 4
255, 431, 0, 2, 0, 0, 23.53%, 1, 0, 1, 3165.32, 791498, 4
260, 440, 0, 2, 0, 0, 23.53%, 1, 0, 1, 3164.38, 807878, 4
265, 449, 0, 2, 0, 0, 23.53%, 1, 0, 1, 3171.81, 824276, 4
270, 458, 0, 2, 0, 0, 23.53%, 1, 0, 1, 3175.06, 840674, 4
276, 466, 0, 2, 0, 0, 23.53%, 1, 0, 1, 3176.86, 857054, 4
281, 475, 0, 2, 0, 0, 23.53%, 1, 0, 1, 3170.63, 873452, 4
286, 484, 0, 2, 0, 0, 23.53%, 1, 0, 1, 3171.47, 889850, 4
291, 493, 0, 2, 0, 0, 23.53%, 1, 0, 1, 3171.29, 906248, 4
296, 502, 0, 2, 0, 0, 23.53%, 1, 0, 1, 3170.07, 922628, 4
301, 511, 0, 2, 0, 0, 23.53%, 1, 0, 1, 3118.62, 938898, 4
303, 514, 0, 2, 0, 0, 23.53%, 1, 0, 1, 3095.04, 944390, 4
