# relative_time, cycles_done, cur_item, corpus_count, pending_total, pending_favs, map_size, saved_crashes, saved_hangs, max_depth, execs_per_sec, total_execs, edges_found
61, 22, 1, 6, 0, 0, 36.00%, 0, 0, 2, 3031.83, 184855, 9
66, 24, 5, 6, 0, 0, 36.00%, 0, 0, 2, 3074.59, 200172, 9
71, 26, 1, 6, 0, 0, 36.00%, 0, 0, 2, 3166.01, 216189, 9
76, 28, 5, 6, 0, 0, 36.00%, 0, 0, 2, 3128.79, 231931, 9
81, 30, 1, 6, 0, 0, 36.00%, 0, 0, 2, 3177.44, 248549, 9
86, 31, 1, 6, 0, 0, 36.00%, 0, 0, 2, 2999.72, 263524, 9
91, 33, 5, 6, 0, 0, 36.00%, 0, 0, 2, 2991.52, 278743, 9
96, 35, 2, 6, 0, 0, 36.00%, 0, 0, 2, 3008.45, 294330, 9
101, 37, 1, 6, 0, 0, 36.00%, 0, 0, 2, 2925.28, 309635, 9
106, 39, 1, 6, 0, 0, 36.00%, 0, 0, 2, 3134.36, 325659, 9
111, 41, 5, 6, 0, 0, 36.00%, 0, 0, 2, 3127.99, 341533, 9
117, 43, 5, 6, 0, 0, 36.00%, 0, 0, 2, 2856.28, 356179, 9
122, 45, 1, 6, 0, 0, 36.00%, 0, 0, 2, 2836.43, 370251, 9
127, 47, 5, 6, 0, 0, 36.00%, 0, 0, 2, 2853.94, 385217, 9
132, 49, 1, 6, 0, 0, 36.00%, 0, 0, 2, 2899.92, 399860, 9
137, 50, 1, 6, 0, 0, 36.00%, 0, 0, 2, 2908.65, 414431, 9
142, 52, 1, 6, 0, 0, 36.00%, 0, 0, 2, 3101.22, 430251, 9
147, 54, 5, 6, 0, 0, 36.00%, 0, 0, 2, 3174.07, 446733, 9
152, 56, 5, 6, 0, 0, 36.00%, 0, 0, 2, 3139.39, 462440, 9
157, 58, 2, 6, 0, 0, 36.00%, 0, 0, 2, 3150.73, 478914, 9
162, 60, 5, 6, 0, 0, 36.00%, 0, 0, 2, 3172.90, 494910, 9
167, 61, 1, 6, 0, 0, 36.00%, 0, 0, 2, 3174.35, 510794, 9
173, 63, 5, 6, 0, 0, 36.00%, 0, 0, 2, 3190.12, 527210, 9
178, 65, 1, 6, 0, 0, 36.00%, 0, 0, 2, 3194.60, 543818, 9
183, 67, 5, 6, 0, 0, 36.00%, 0, 0, 2, 3195.83, 559827, 9
188, 69, 5, 6, 0, 0, 36.00%, 0, 0, 2, 3173.20, 576194, 9
193, 71, 1, 6, 0, 0, 36.00%, 0, 0, 2, 3142.37, 591887, 9
198, 73, 5, 6, 0, 0, 36.00%, 0, 0, 2, 3144.55, 608264, 9
203, 75, 5, 6, 0, 0, 36.00%, 0, 0, 2, 3171.14, 624141, 9
208, 77, 1, 6, 0, 0, 36.00%, 0, 0, 2, 3165.20, 640469, 9
214, 79, 1, 6, 0, 0, 36.00%, 0, 0, 2, 3175.22, 656946, 9
219, 80, 5, 6, 0, 0, 36.00%, 0, 0, 2, 3189.00, 672902, 9
224, 82, 5, 6, 0, 0, 36.00%, 0, 0, 2, 3192.69, 689414, 9
229, 84, 2, 6, 0, 0, 36.00%, 0, 0, 2, 3202.17, 705974, 9
234, 86, 1, 6, 0, 0, 36.00%, 0, 0, 2, 3128.01, 721922, 9
239, 88, 5, 6, 0, 0, 36.00%, 0, 0, 2, 3188.93, 738553, 9
244, 90, 1, 6, 0, 0, 36.00%, 0, 0, 2, 3188.51, 754618, 9
249, 92, 5, 6, 0, 0, 36.00%, 0, 0, 2, 3189.99, 771002, 9
255, 94, 1, 6, 0, 0, 36.00%, 0, 0, 2, 3188.99, 787548, 9
260, 96, 2, 6, 0, 0, 36.00%, 0, 0, 2, 3194.91, 803618, 9
265, 99, 2, 6, 0, 0, 36.00%, 0, 0, 2, 3205.88, 820156, 9
270, 100, 5, 6, 0, 0, 36.00%, 0, 0, 2, 3196.14, 836567, 9
275, 102, 1, 6, 0, 0, 36.00%, 0, 0, 2, 3112.83, 852755, 9
280, 104, 1, 6, 0, 0, 36.00%, 0, 0, 2, 2965.59, 867450, 9
285, 106, 5, 6, 0, 0, 36.00%, 0, 0, 2, 2896.18, 882580, 9
290, 107, 1, 6, 0, 0, 36.00%, 0, 0, 2, 2860.89, 896635, 9
296, 109, 5, 6, 0, 0, 36.00%, 0, 0, 2, 2853.18, 911203, 9
301, 111, 3, 6, 0, 0, 36.00%, 0, 0, 2, 2941.32, 926134, 9
306, 113, 5, 6, 0, 0, 36.00%, 0, 0, 2, 2974.24, 941410, 9
311, 114, 2, 6, 0, 0, 36.00%, 0, 0, 2, 3041.95, 956077, 9
