# relative_time, cycles_done, cur_item, corpus_count, pending_total, pending_favs, map_size, saved_crashes, saved_hangs, max_depth, execs_per_sec, total_execs, edges_found
61, 39, 11, 13, 0, 0, 32.00%, 3, 0, 2, 1795.25, 114031, 8
66, 42, 0, 13, 0, 0, 32.00%, 3, 0, 2, 1832.17, 123271, 8
71, 45, 7, 13, 0, 0, 32.00%, 3, 0, 2, 1597.51, 131550, 8
76, 48, 7, 13, 0, 0, 32.00%, 3, 0, 2, 1371.75, 138105, 8
81, 51, 7, 13, 0, 0, 32.00%, 3, 0, 2, 1590.04, 146425, 8
86, 54, 7, 13, 0, 0, 32.00%, 3, 0, 2, 1613.36, 154806, 8
91, 58, 11, 13, 0, 0, 32.00%, 3, 0, 2, 1844.21, 164511, 8
97, 61, 7, 13, 0, 0, 32.00%, 3, 0, 2, 1773.51, 173617, 8
102, 65, 4, 13, 0, 0, 32.00%, 3, 0, 2, 1855.57, 183144, 8
107, 68, 7, 13, 0, 0, 32.00%, 3, 0, 2, 1791.96, 192163, 8
112, 72, 7, 13, 0, 0, 32.00%, 3, 0, 2, 1815.44, 201473, 8
117, 75, 4, 13, 0, 0, 32.00%, 3, 0, 2, 1770.97, 210464, 8
122, 78, 7, 13, 0, 0, 32.00%, 3, 0, 2, 1693.88, 219118, 8
127, 81, 7, 13, 0, 0, 32.00%, 3, 0, 2, 1770.97, 228099, 8
133, 85, 7, 13, 0, 0, 32.00%, 3, 0, 2, 1798.24, 237357, 8
138, 88, 7, 13, 0, 0, 32.00%, 3, 0, 2, 1866.20, 246745, 8
143, 92, 7, 13, 0, 0, 32.00%, 3, 0, 2, 1844.71, 256159, 8
148, 96, 4, 13, 0, 0, 32.00%, 3, 0, 2, 1804.48, 265386, 8
153, 99, 4, 13, 0, 0, 32.00%, 3, 0, 2, 1742.67, 274064, 8
158, 103, 7, 13, 0, 0, 32.00%, 3, 0, 2, 1894.56, 283850, 8
163, 106, 7, 13, 0, 0, 32.00%, 3, 0, 2, 1771.90, 292746, 8
168, 110, 4, 13, 0, 0, 32.00%, 3, 0, 2, 1781.15, 301591, 8
173, 113, 7, 13, 0, 0, 32.00%, 3, 0, 2, 1752.97, 310694, 8
178, 116, 7, 13, 0, 0, 32.00%, 3, 0, 2, 1702.72, 319419, 8
183, 119, 7, 13, 0, 0, 32.00%, 3, 0, 2, 1840.96, 329172, 8
188, 122, 11, 13, 0, 0, 32.00%, 3, 0, 2, 1781.12, 337947, 8
194, 126, 7, 13, 0, 0, 32.00%, 3, 0, 2, 1832.88, 347393, 8
199, 129, 7, 13, 0, 0, 32.00%, 3, 0, 2, 1730.14, 356370, 8
204, 132, 11, 13, 0, 0, 32.00%, 3, 0, 2, 1754.26, 365625, 8
209, 136, 7, 13, 0, 0, 32.00%, 3, 0, 2, 1817.39, 375339, 8
214, 140, 7, 13, 0, 0, 32.00%, 3, 0, 2, 1830.11, 384877, 8
219, 143, 11, 13, 0, 0, 32.00%, 3, 0, 2, 1746.81, 393429, 8
224, 147, 4, 13, 0, 0, 32.00%, 3, 0, 2, 1793.00, 402821, 8
229, 150, 0, 13, 0, 0, 32.00%, 3, 0, 2, 1785.02, 411959, 8
235, 154, 7, 13, 0, 0, 32.00%, 3, 0, 2, 1767.39, 421119, 8
240, 157, 11, 13, 0, 0, 32.00%, 3, 0, 2, 1772.77, 430471, 8
245, 161, 7, 13, 0, 0, 32.00%, 3, 0, 2, 1778.34, 439699, 8
250, 164, 7, 13, 0, 0, 32.00%, 3, 0, 2, 1786.70, 448915, 8
255, 168, 7, 13, 0, 0, 32.00%, 3, 0, 2, 1756.41, 458100, 8
260, 171, 7, 13, 0, 0, 32.00%, 3, 0, 2, 1719.00, 466685, 8
266, 174, 7, 13, 0, 0, 32.00%, 3, 0, 2, 1799.66, 476135, 8
271, 178, 7, 13, 0, 0, 32.00%, 3, 0, 2, 1826.26, 485759, 8
276, 181, 11, 13, 0, 0, 32.00%, 3, 0, 2, 1864.52, 495370, 8
281, 184, 7, 13, 0, 0, 32.00%, 3, 0, 2, 1746.88, 504274, 8
286, 188, 7, 13, 0, 0, 32.00%, 3, 0, 2, 1772.61, 513475, 8
291, 192, 4, 13, 0, 0, 32.00%, 3, 0, 2, 1843.57, 522770, 8
296, 195, 4, 13, 0, 0, 32.00%, 3, 0, 2, 1871.26, 532097, 8
302, 199, 4, 13, 0, 0, 32.00%, 3, 0, 2, 1888.84, 541708, 8
307, 202, 7, 13, 0, 0, 32.00%, 3, 0, 2, 1746.78, 550606, 8
311, 205, 7, 13, 0, 0, 32.00%, 3, 0, 2, 1788.49, 558035, 8
